|pid   |name                                    |time           |memory              |tCPU  |iCPU  
|1     |systemd                                 |90661          |15659008.00         |0.04  |0.00  
|2     |kthreadd                                |90661          |0.00                |0.00  |0.00  
|3     |pool_workqueue_release                  |90661          |0.00                |0.00  |0.00  
|4     |kworker/R-kvfree_rcu_reclaim            |90661          |0.00                |0.00  |0.00  
|5     |kworker/R-rcu_gp                        |90661          |0.00                |0.00  |0.00  
|6     |kworker/R-sync_wq                       |90661          |0.00                |0.00  |0.00  
|7     |kworker/R-slub_flushwq                  |90661          |0.00                |0.00  |0.00  
|8     |kworker/R-netns                         |90661          |0.00                |0.00  |0.00  
|10    |kworker/0:0H-events_highpri             |90661          |0.00                |0.00  |0.00  
|13    |kworker/R-mm_percpu_wq                  |90661          |0.00                |0.00  |0.00  
|14    |rcu_tasks_kthread                       |90661          |0.00                |0.00  |0.00  
|15    |rcu_tasks_rude_kthread                  |90661          |0.00                |0.00  |0.00  
|16    |rcu_tasks_trace_kthread                 |90661          |0.00                |0.00  |0.00  
|17    |ksoftirqd/0                             |90661          |0.00                |0.00  |0.00  
|18    |rcu_preempt                             |90661          |0.00                |0.01  |0.00  
|19    |rcu_exp_par_gp_kthread_worker/1         |90661          |0.00                |0.00  |0.00  
|20    |rcu_exp_gp_kthread_worker               |90661          |0.00                |0.00  |0.00  
|21    |migration/0                             |90661          |0.00                |0.00  |0.00  
|22    |idle_inject/0                           |90661          |0.00                |0.00  |0.00  
|23    |cpuhp/0                                 |90661          |0.00                |0.00  |0.00  
|24    |cpuhp/1                                 |90661          |0.00                |0.00  |0.00  
|25    |idle_inject/1                           |90661          |0.00                |0.00  |0.00  
|26    |migration/1                             |90661          |0.00                |0.00  |0.00  
|27    |ksoftirqd/1                             |90661          |0.00                |0.00  |0.00  
|29    |kworker/1:0H-events_highpri             |90661          |0.00                |0.00  |0.00  
|32    |kdevtmpfs                               |90661          |0.00                |0.00  |0.00  
|33    |kworker/R-inet_frag_wq                  |90661          |0.00                |0.00  |0.00  
|34    |kauditd                                 |90661          |0.00                |0.00  |0.00  
|35    |khungtaskd                              |90661          |0.00                |0.00  |0.00  
|36    |oom_reaper                              |90661          |0.00                |0.00  |0.00  
|38    |kworker/R-writeback                     |90661          |0.00                |0.00  |0.00  
|39    |kcompactd0                              |90661          |0.00                |0.00  |0.00  
|40    |ksmd                                    |90661          |0.00                |0.00  |0.00  
|41    |khugepaged                              |90661          |0.00                |0.00  |0.00  
|42    |kworker/R-kintegrityd                   |90661          |0.00                |0.00  |0.00  
|43    |kworker/R-kblockd                       |90661          |0.00                |0.00  |0.00  
|44    |kworker/R-blkcg_punt_bio                |90661          |0.00                |0.00  |0.00  
|45    |irq/9-acpi                              |90661          |0.00                |0.00  |0.00  
|47    |kworker/R-tpm_dev_wq                    |90660          |0.00                |0.00  |0.00  
|48    |kworker/R-edac-poller                   |90660          |0.00                |0.00  |0.00  
|49    |kworker/R-devfreq_wq                    |90660          |0.00                |0.00  |0.00  
|50    |kworker/1:1H-kblockd                    |90660          |0.00                |0.00  |0.00  
|52    |kswapd0                                 |90660          |0.00                |0.00  |0.00  
|59    |kworker/R-kthrotld                      |90659          |0.00                |0.00  |0.00  
|63    |kworker/R-acpi_thermal_pm               |90659          |0.00                |0.00  |0.00  
|64    |kworker/R-mld                           |90659          |0.00                |0.00  |0.00  
|65    |kworker/R-ipv6_addrconf                 |90659          |0.00                |0.00  |0.00  
|70    |kworker/R-kstrp                         |90659          |0.00                |0.00  |0.00  
|72    |kworker/u129:0                          |90659          |0.00                |0.00  |0.00  
|141   |kworker/0:1H-kblockd                    |90659          |0.00                |0.00  |0.00  
|187   |scsi_eh_0                               |90658          |0.00                |0.00  |0.00  
|188   |kworker/R-scsi_tmf_0                    |90658          |0.00                |0.00  |0.00  
|189   |watchdogd                               |90658          |0.00                |0.00  |0.00  
|190   |kworker/R-ata_sff                       |90658          |0.00                |0.00  |0.00  
|191   |scsi_eh_1                               |90658          |0.00                |0.00  |0.00  
|192   |kworker/R-scsi_tmf_1                    |90658          |0.00                |0.00  |0.00  
|193   |scsi_eh_2                               |90658          |0.00                |0.00  |0.00  
|194   |kworker/R-scsi_tmf_2                    |90658          |0.00                |0.00  |0.00  
|195   |scsi_eh_3                               |90658          |0.00                |0.00  |0.00  
|196   |kworker/R-scsi_tmf_3                    |90658          |0.00                |0.00  |0.00  
|197   |scsi_eh_4                               |90658          |0.00                |0.00  |0.00  
|198   |kworker/R-scsi_tmf_4                    |90658          |0.00                |0.00  |0.00  
|199   |scsi_eh_5                               |90658          |0.00                |0.00  |0.00  
|200   |kworker/R-scsi_tmf_5                    |90658          |0.00                |0.00  |0.00  
|201   |scsi_eh_6                               |90658          |0.00                |0.00  |0.00  
|202   |kworker/R-scsi_tmf_6                    |90658          |0.00                |0.00  |0.00  
|215   |kworker/R-kdmflush/254:0                |90657          |0.00                |0.00  |0.00  
|216   |kworker/R-kdmflush/254:1                |90657          |0.00                |0.00  |0.00  
|234   |kworker/R-md                            |90657          |0.00                |0.00  |0.00  
|235   |kworker/R-md_bitmap                     |90657          |0.00                |0.00  |0.00  
|241   |kworker/R-raid5wq                       |90656          |0.00                |0.00  |0.00  
|267   |jbd2/dm-1-8                             |90656          |0.00                |0.00  |0.00  
|268   |kworker/R-ext4-rsv-conversion           |90656          |0.00                |0.00  |0.00  
|282   |hwrng                                   |90655          |0.00                |0.00  |0.00  
|337   |systemd-journal                         |90653          |43286528.00         |0.01  |0.00  
|387   |systemd-udevd                           |90651          |9842688.00          |0.00  |0.00  
|388   |psimon                                  |90651          |0.00                |0.00  |0.00  
|436   |jbd2/sda1-8                             |90650          |0.00                |0.00  |0.00  
|437   |kworker/R-ext4-rsv-conversion           |90650          |0.00                |0.00  |0.00  
|488   |kworker/R-cryptd                        |90649          |0.00                |0.00  |0.00  
|770   |dhclient                                |90634          |3465216.00          |0.00  |0.00  
|827   |cron                                    |90632          |2822144.00          |0.00  |0.00  
|831   |dbus-daemon                             |90632          |4743168.00          |0.00  |0.00  
|836   |rsyslogd                                |90632          |4771840.00          |0.00  |0.00  
|845   |systemd-logind                          |90632          |9527296.00          |0.00  |0.00  
|1115  |agetty                                  |90631          |2564096.00          |0.00  |0.00  
|1180  |exim4                                   |90630          |25157632.00         |0.01  |0.00  
|1200  |sshd                                    |90629          |8048640.00          |0.00  |0.00  
|1508  |chronyd                                 |90478          |3620864.00          |0.01  |0.00  
|1509  |chronyd                                 |90478          |2306048.00          |0.00  |0.00  
|2539  |containerd                              |90339          |50581504.00         |0.03  |0.00  
|2908  |dockerd                                 |90284          |90804224.00         |0.01  |0.00  
|3635  |squid                                   |85370          |19271680.00         |0.00  |0.00  
|3641  |squid                                   |85370          |33673216.00         |0.06  |0.49  
|3642  |log_file_daemon                         |85370          |3510272.00          |0.00  |0.00  
|3643  |pinger                                  |85370          |3842048.00          |0.00  |0.00  
|9895  |psimon                                  |84839          |0.00                |0.00  |0.00  
|15659 |kworker/u128:1-writeback                |17572          |0.00                |0.00  |0.00  
|16208 |systemd                                 |5203           |13393920.00         |0.01  |0.00  
|16210 |(sd-pam)                                |5203           |3645440.00          |0.00  |0.00  
|16215 |psimon                                  |5203           |0.00                |0.00  |0.00  
|16301 |kworker/u128:4-flush-254:1              |4695           |0.00                |0.01  |0.00  
|16376 |sshd-session                            |4646           |12972032.00         |0.00  |0.00  
|16384 |sshd-session                            |4640           |8871936.00          |0.10  |0.00  
|16385 |bash                                    |4640           |6455296.00          |0.01  |0.00  
|16846 |kworker/1:0-events                      |3298           |0.00                |0.07  |0.00  
|17273 |kworker/u128:0-events_unbound           |1780           |0.00                |0.01  |0.00  
|17402 |kworker/0:2-events                      |1615           |0.00                |0.03  |0.00  
|17887 |kworker/0:1-events                      |1127           |0.00                |0.04  |0.00  
|18353 |kworker/0:3-events_freezable_pwr_efficie|504            |0.00                |0.00  |0.00  
|18356 |kworker/1:1-events_power_efficient      |494            |0.00                |0.00  |0.00  
|18374 |kworker/u128:2-events_unbound           |244            |0.00                |0.00  |0.00  
|18390 |kworker/1:2                             |158            |0.00                |0.00  |0.00  
|18419 |kworker/u128:3-events_unbound           |127            |0.00                |0.00  |0.00  
|18420 |kworker/0:0-events                      |119            |0.00                |0.06  |0.00  
|18494 |procmon                                 |42             |3911680.00          |0.94  |0.49  
